0000000000000000000000000000000000000001
0000000000000000000000001110100000000001
0000000000000000000000000000000000000001
0000000000001000000000001110100000000001
0000000000000000000000001100000000000001
0000000000000111111111110010000000000001
0000000000000000000000000000000000000001
0000000001010000000000001110001000000001
0000000001011000000000001111001000000001
0000000000100001000010000010000000000001
0000000000100010000000000010001001000001
0000000001011010000000000010001000000001
0000000000010001000010000011010000000001
0000000000010010000000000010001001000001
0000000001010010000000001000001000000001
0000000001010010000000000010001000000001
0000000000000000000000000000000000000001
0000000000011000000000001110001000000001
0000000000101000000000001111001000000001
0000000001100000000000001111011000000001
0000000001000001000010000010000000001001
0000000001001000000000001110001000000001
0000000000110001000010000010000000000001
1111111111110010000000100010001001100111
0000000000111000000000001110001000000001
0000000001100001000010000010001001001001
0000000001100001000010000010000000000001
0000000000111000000000001110001000100111
1111111111110010000000010010000000000001
0000000001001000000000001110001000100111
0000000000000000000000000000000000000001
0000000001001001000010000010000000001001
1111111111111001000010000010001001000001
0000000001001000000000001110001000100110
0000000000111001000010000010000000000001
0000000000000001000010000010000000000001
0000000001110000000000001110001000000001
0000000010001010000000110010000000000001
0000000001111010000000110011010000000001
0000000001101001000010000010001001000001
0000000001110001000010000010001000000001
0000000010000000000000001110001000000001
0000000000000000000000000000000000000001
0000000010010000000000001111001000000001
0000000000001000000000001100000000000001
0000000000001111111111110010000000000001
0000000000000000000000000000000000000001
0000000001010000000000001110001000000001
0000000001011000000000001111001000000001
0000000010110001000010000010000000000001
0000000010110010000001000010001001000001
0000000001011010000001000010001000000001
0000000010100001000010000011010000000001
0000000010100010000001000010001001000001
0000000001010010000001001000001000000001
0000000001010010000001000010001000000001
0000000000000000000000000000000000000001
0000000010101000000000001110001000000001
0000000010111000000000001111001000000001
0000000001100000000000001111011000000001
0000000011010001000010000010000000001001
0000000011011000000000001110001000000001
0000000011000001000010000010000000000001
1111111111110010000001100010001001100111
0000000011001000000000001110001000000001
0000000001100001000010000010001001001001
0000000001100001000010000010000000000001
0000000011001000000000001110001000100111
1111111111110010000001010010000000000001
0000000011011000000000001110001000100111
0000000000000000000000000000000000000001
0000000011011001000010000010000000001001
1111111111111001000010000010001001000001
0000000011011000000000001110001000100110
0000000011001001000010000010000000000001
0000000000001001000010000010000000000001
0000001010101000000000001110001000000001
0000000010000010000001110010000000000001
0000000000000000000000000000000000000001
0000000100001000000000001110001000000001
0000000100110010000010110010000000000001
0000000100101010000011010010001000000001
0000000100011010000010110011010000000001
0000000100010010000011010010001000000001
0000000100001010000010010010001000000001
0000000100000010000010100010001000000001
0000000011111010000011000010001000000001
0000000000000000000000000000000000000001
0000000100100000000000001110001000000001
0000000100111000000000001111001000000001
0000000101011010000100000010000000000001
0000000101001010000100000011010000000001
0000000100100010000011100010001000000001
0000000100011010000011110010001000000001
0000000000000000000000000000000000000001
0000000101010000000000001110001000000001
0000000011100000000000001110001000000001
0000000101100000000000001111001000000001
0000000010000001000010000010000000000001
0000000000000000000000000000000000000001
0000000101110000000000001110001000000001
0000000110010010000100110010000000000001
0000000110000010000100110011010000000001
0000000101110010000100010010001000000001
0000000101101010000100100010001000000001
0000000000000000000000000000000000000001
0000000110001000000000001110001000000001
0000000110011000000000001111001000000001
0000000110111010000101100010000000000001
0000000110101010000101100011010000000001
0000000110001010000101000010001000000001
0000000110000010000101010010001000000001
0000000000000000000000000000000000000001
0000000110110000000000001110001000000001
0000000111000000000000001111001000000001
0000000111101010000110010010000000000001
0000000111100010000110110010001000000001
0000000111010010000110010011010000000001
0000000111001010000110110010001000000001
0000000110110010000101110010001000000001
0000000110101010000110000010001000000001
0000000110100010000110100010001000000001
0000000000000000000000000000000000000001
0000000111011000000000001110001000000001
0000000111110000000000001111001000000001
0000001000011010000111100010000000000001
0000001000010010001000000010001000000001
0000001000000010000111100011010000000001
0000000111111010001000000010001000000001
0000000111011010000111000010001000000001
0000000111010010000111010010001000000001
0000000111001010000111110010001000000001
0000000000000000000000000000000000000001
0000001000001000000000001110001000000001
0000000011101000000000001110001000000001
0000001000100000000000001111001000000001
0000000010000010000010000010000000000001
0000000000000000000000000000000000000001
0000001000111000000000001110001000000001
0000001001100010001000110010000000000001
0000001001011010001001010010001000000001
0000001001001010001000110011010000000001
0000001001000010001001010010001000000001
0000001000111010001000010010001000000001
0000001000110010001000100010001000000001
0000001000101010001001000010001000000001
0000000000000000000000000000000000000001
0000001001010000000000001110001000000001
0000001001101000000000001111001000000001
0000001010010010001010000010000000000001
0000001010001010001010100010001000000001
0000001001111010001010000011010000000001
0000001001110010001010100010001000000001
0000001001010010001001100010001000000001
0000001001001010001001110010001000000001
0000001001000010001010010010001000000001
0000000000000000000000000000000000000001
0000001010000000000000001110001000000001
0000000011110000000000001110001000000001
0000001010011000000000001111001000000001
0000001011000010001010110010000000000001
0000001010110010001010110011010000000001
0000001010100001000010000010001001000001
0000001010101001000010000010001000000001
0000001010111000000000001110001000000001
0000000000000000000000000000000000000001
0000001011001000000000001111001000000001
0000001010111010001011000010000000000001
0000000000000000000000000000000000000001
0000001100000000000000001110001000000001
0000001100101010001100000010000000000001
0000001100100010001100100010001000000001
0000001100010010001100000011010000000001
0000001100001010001100100010001000000001
0000001100000010001011100010001000000001
0000001011111010001011110010001000000001
0000001011110010001100010010001000000001
0000000000000000000000000000000000000001
0000001100011000000000001110001000000001
0000001100110000000000001111001000000001
0000001101010010001101010010000000000001
0000001101000010001101010011010000000001
0000001100011010001100110010001000000001
0000001100010010001101000010001000000001
0000000000000000000000000000000000000001
0000001101001000000000001110001000000001
0000001011011000000000001110001000000001
0000001101011000000000001111001000000001
0000001010111001000010000010000000000001
0000000000000000000000000000000000000001
0000001101101000000000001110001000000001
0000001110001010001110000010000000000001
0000001101111010001110000011010000000001
0000001101101010001101100010001000000001
0000001101100010001101110010001000000001
0000000000000000000000000000000000000001
0000001110000000000000001110001000000001
0000001110010000000000001111001000000001
0000001110110010001110110010000000000001
0000001110100010001110110011010000000001
0000001110000010001110010010001000000001
0000001101111010001110100010001000000001
0000000000000000000000000000000000000001
0000001110101000000000001110001000000001
0000001110111000000000001111001000000001
0000001111100010001111100010000000000001
0000001111011010010000000010001000000001
0000001111001010001111100011010000000001
0000001111000010010000000010001000000001
0000001110101010001111000010001000000001
0000001110100010001111010010001000000001
0000001110011010001111110010001000000001
0000000000000000000000000000000000000001
0000001111010000000000001110001000000001
0000001111101000000000001111001000000001
0000010000010010010000110010000000000001
0000010000001010010001010010001000000001
0000001111111010010000110011010000000001
0000001111110010010001010010001000000001
0000001111010010010000010010001000000001
0000001111001010010000100010001000000001
0000001111000010010001000010001000000001
0000000000000000000000000000000000000001
0000010000000000000000001110001000000001
0000001011100000000000001110001000000001
0000010000011000000000001111001000000001
0000001010111010001011010010000000000001
0000000000000000000000000000000000000001
0000010000110000000000001110001000000001
0000010001011010010010000010000000000001
0000010001010010010010100010001000000001
0000010001000010010010000011010000000001
0000010000111010010010100010001000000001
0000010000110010010001100010001000000001
0000010000101010010001110010001000000001
0000010000100010010010010010001000000001
0000000000000000000000000000000000000001
0000010001001000000000001110001000000001
0000010001100000000000001111001000000001
0000010010001010010011010010000000000001
0000010010000010010011110010001000000001
0000010001110010010011010011010000000001
0000010001101010010011110010001000000001
0000010001001010010010110010001000000001
0000010001000010010011000010001000000001
0000010000111010010011100010001000000001
0000000000000000000000000000000000000001
0000010001111000000000001110001000000001
0000001011101000000000001110001000000001
0000010010010000000000001111001000000001
0000000011110010010100000010000000000001
0000100100101000000000001110001000000001
0000000011101010010100010010000000000001
0000011011010000000000001110001000000001
0000000011100010010100100010000000000001
0000010010101000000000001110001000000001
0000001011011010010100110010000000000001
0000100111010000000000001110001000000001
0000001011100010010101000010000000000001
0000101111111000000000001110001000000001
0000001011101010010101010010000000000001
0000111001010000000000001110001000000001
0000010011010010010110010010000000000001
0000010011001010010110100010001000000001
0000010010111010010110010011010000000001
0000010010110010010110100010001000000001
0000010010101010010101100010001000000001
0000010010100010010101110010001000000001
0000010010011010010110000010001000000001
0000000000000000000000000000000000000001
0000010011000000000000001110001000000001
0000010011011000000000001111001000000001
0000010100000010010111100010000000000001
0000010011111010010111110010001000000001
0000010011101010010111100011010000000001
0000010011100010010111110010001000000001
0000010011000010010110110010001000000001
0000010010111010010111000010001000000001
0000010010110010010111010010001000000001
0000000000000000000000000000000000000001
0000010011110000000000001110001000000001
0000010100001000000000001111001000000001
0000010100110010011000110010000000000001
0000010100101010011001000010001000000001
0000010100011010011000110011010000000001
0000010100010010011001000010001000000001
0000010011110010011000000010001000000001
0000010011101010011000010010001000000001
0000010011100010011000100010001000000001
0000000000000000000000000000000000000001
0000010100100000000000001110001000000001
0000010100111000000000001111001000000001
0000010101100010011010000010000000000001
0000010101011010011010010010001000000001
0000010101001010011010000011010000000001
0000010101000010011010010010001000000001
0000010100100010011001010010001000000001
0000010100011010011001100010001000000001
0000010100010010011001110010001000000001
0000000000000000000000000000000000000001
0000010101010000000000001110001000000001
0000010101101000000000001111001000000001
0000010110010010011011010010000000000001
0000010110001010011011100010001000000001
0000010101111010011011010011010000000001
0000010101110010011011100010001000000001
0000010101010010011010100010001000000001
0000010101001010011010110010001000000001
0000010101000010011011000010001000000001
0000000000000000000000000000000000000001
0000010110000000000000001110001000000001
0000010110011000000000001111001000000001
0000010111000010011100100010000000000001
0000010110111010011100110010001000000001
0000010110101010011100100011010000000001
0000010110100010011100110010001000000001
0000010110000010011011110010001000000001
0000010101111010011100000010001000000001
0000010101110010011100010010001000000001
0000000000000000000000000000000000000001
0000010110110000000000001110001000000001
0000010111001000000000001111001000000001
0000010111110010011101110010000000000001
0000010111101010011110000010001000000001
0000010111011010011101110011010000000001
0000010111010010011110000010001000000001
0000010110110010011101000010001000000001
0000010110101010011101010010001000000001
0000010110100010011101100010001000000001
0000000000000000000000000000000000000001
0000010111100000000000001110001000000001
0000010111111000000000001111001000000001
0000011000100010011111000010000000000001
0000011000011010011111010010001000000001
0000011000001010011111000011010000000001
0000011000000010011111010010001000000001
0000010111100010011110010010001000000001
0000010111011010011110100010001000000001
0000010111010010011110110010001000000001
0000000000000000000000000000000000000001
0000011000010000000000001110001000000001
0000011000101000000000001111001000000001
0000011001010010100000010010000000000001
0000011001001010100000100010001000000001
0000011000111010100000010011010000000001
0000011000110010100000100010001000000001
0000011000010010011111100010001000000001
0000011000001010011111110010001000000001
0000011000000010100000000010001000000001
0000000000000000000000000000000000000001
0000011001000000000000001110001000000001
0000011001011000000000001111001000000001
0000011010000010100001100010000000000001
0000011001111010100001110010001000000001
0000011001101010100001100011010000000001
0000011001100010100001110010001000000001
0000011001000010100000110010001000000001
0000011000111010100001000010001000000001
0000011000110010100001010010001000000001
0000000000000000000000000000000000000001
0000011001110000000000001110001000000001
0000011010001000000000001111001000000001
0000011010110010100010110010000000000001
0000011010101010100011000010001000000001
0000011010011010100010110011010000000001
0000011010010010100011000010001000000001
0000011001110010100010000010001000000001
0000011001101010100010010010001000000001
0000011001100010100010100010001000000001
0000000000000000000000000000000000000001
0000011010100000000000001110001000000001
0000011010111000000000001111001000000001
0000011011111010100100000010000000000001
0000011011110010100100010010001000000001
0000011011100010100100000011010000000001
0000011011011010100100010010001000000001
0000011011010010100011010010001000000001
0000011011001010100011100010001000000001
0000011011000010100011110010001000000001
0000000000000000000000000000000000000001
0000011011101000000000001110001000000001
0000011100000000000000001111001000000001
0000011100101010100101010010000000000001
0000011100100010100101100010001000000001
0000011100010010100101010011010000000001
0000011100001010100101100010001000000001
0000011011101010100100100010001000000001
0000011011100010100100110010001000000001
0000011011011010100101000010001000000001
0000000000000000000000000000000000000001
0000011100011000000000001110001000000001
0000011100110000000000001111001000000001
0000011101011010100110100010000000000001
0000011101010010100110110010001000000001
0000011101000010100110100011010000000001
0000011100111010100110110010001000000001
0000011100011010100101110010001000000001
0000011100010010100110000010001000000001
0000011100001010100110010010001000000001
0000000000000000000000000000000000000001
0000011101001000000000001110001000000001
0000011101100000000000001111001000000001
0000011110001010100111110010000000000001
0000011110000010101000000010001000000001
0000011101110010100111110011010000000001
0000011101101010101000000010001000000001
0000011101001010100111000010001000000001
0000011101000010100111010010001000000001
0000011100111010100111100010001000000001
0000000000000000000000000000000000000001
0000011101111000000000001110001000000001
0000011110010000000000001111001000000001
0000011110111010101001000010000000000001
0000011110110010101001010010001000000001
0000011110100010101001000011010000000001
0000011110011010101001010010001000000001
0000011101111010101000010010001000000001
0000011101110010101000100010001000000001
0000011101101010101000110010001000000001
0000000000000000000000000000000000000001
0000011110101000000000001110001000000001
0000011111000000000000001111001000000001
0000011111101010101010010010000000000001
0000011111100010101010100010001000000001
0000011111010010101010010011010000000001
0000011111001010101010100010001000000001
0000011110101010101001100010001000000001
0000011110100010101001110010001000000001
0000011110011010101010000010001000000001
0000000000000000000000000000000000000001
0000011111011000000000001110001000000001
0000011111110000000000001111001000000001
0000100000011010101011100010000000000001
0000100000010010101011110010001000000001
0000100000000010101011100011010000000001
0000011111111010101011110010001000000001
0000011111011010101010110010001000000001
0000011111010010101011000010001000000001
0000011111001010101011010010001000000001
0000000000000000000000000000000000000001
0000100000001000000000001110001000000001
0000100000100000000000001111001000000001
0000100001001010101100110010000000000001
0000100001000010101101000010001000000001
0000100000110010101100110011010000000001
0000100000101010101101000010001000000001
0000100000001010101100000010001000000001
0000100000000010101100010010001000000001
0000011111111010101100100010001000000001
0000000000000000000000000000000000000001
0000100000111000000000001110001000000001
0000100001010000000000001111001000000001
0000100001111010101110000010000000000001
0000100001110010101110010010001000000001
0000100001100010101110000011010000000001
0000100001011010101110010010001000000001
0000100000111010101101010010001000000001
0000100000110010101101100010001000000001
0000100000101010101101110010001000000001
0000000000000000000000000000000000000001
0000100001101000000000001110001000000001
0000100010000000000000001111001000000001
0000100010101010101111010010000000000001
0000100010100010101111100010001000000001
0000100010010010101111010011010000000001
0000100010001010101111100010001000000001
0000100001101010101110100010001000000001
0000100001100010101110110010001000000001
0000100001011010101111000010001000000001
0000000000000000000000000000000000000001
0000100010011000000000001110001000000001
0000100010110000000000001111001000000001
0000100011011010110000100010000000000001
0000100011010010110000110010001000000001
0000100011000010110000100011010000000001
0000100010111010110000110010001000000001
0000100010011010101111110010001000000001
0000100010010010110000000010001000000001
0000100010001010110000010010001000000001
0000000000000000000000000000000000000001
0000100011001000000000001110001000000001
0000100011100000000000001111001000000001
0000100100001010110001110010000000000001
0000100100000010110010000010001000000001
0000100011110010110001110011010000000001
0000100011101010110010000010001000000001
0000100011001010110001000010001000000001
0000100011000010110001010010001000000001
0000100010111010110001100010001000000001
0000000000000000000000000000000000000001
0000100011111000000000001110001000000001
0000100100010000000000001111001000000001
0000100101010010110011000010000000000001
0000100101001010110011010010001000000001
0000100100111010110011000011010000000001
0000100100110010110011010010001000000001
0000100100101010110010010010001000000001
0000100100100010110010100010001000000001
0000100100011010110010110010001000000001
0000000000000000000000000000000000000001
0000100101000000000000001110001000000001
0000100101011000000000001111001000000001
0000100110000010110100010010000000000001
0000100101111010110100100010001000000001
0000100101101010110100010011010000000001
0000100101100010110100100010001000000001
0000100101000010110011100010001000000001
0000100100111010110011110010001000000001
0000100100110010110100000010001000000001
0000000000000000000000000000000000000001
0000100101110000000000001110001000000001
0000100110001000000000001111001000000001
0000100110110010110101100010000000000001
0000100110101010110101110010001000000001
0000100110011010110101100011010000000001
0000100110010010110101110010001000000001
0000100101110010110100110010001000000001
0000100101101010110101000010001000000001
0000100101100010110101010010001000000001
0000000000000000000000000000000000000001
0000100110100000000000001110001000000001
0000100110111000000000001111001000000001
0000100111111010110110110010000000000001
0000100111110010110111000010001000000001
0000100111100010110110110011010000000001
0000100111011010110111000010001000000001
0000100111010010110110000010001000000001
0000100111001010110110010010001000000001
0000100111000010110110100010001000000001
0000000000000000000000000000000000000001
0000100111101000000000001110001000000001
0000101000000000000000001111001000000001
0000101000101010111000000010000000000001
0000101000100010111000010010001000000001
0000101000010010111000000011010000000001
0000101000001010111000010010001000000001
0000100111101010110111010010001000000001
0000100111100010110111100010001000000001
0000100111011010110111110010001000000001
0000000000000000000000000000000000000001
0000101000011000000000001110001000000001
0000101000110000000000001111001000000001
0000101001011010111001010010000000000001
0000101001010010111001100010001000000001
0000101001000010111001010011010000000001
0000101000111010111001100010001000000001
0000101000011010111000100010001000000001
0000101000010010111000110010001000000001
0000101000001010111001000010001000000001
0000000000000000000000000000000000000001
0000101001001000000000001110001000000001
0000101001100000000000001111001000000001
0000101010001010111010100010000000000001
0000101010000010111010110010001000000001
0000101001110010111010100011010000000001
0000101001101010111010110010001000000001
0000101001001010111001110010001000000001
0000101001000010111010000010001000000001
0000101000111010111010010010001000000001
0000000000000000000000000000000000000001
0000101001111000000000001110001000000001
0000101010010000000000001111001000000001
0000101010111010111011110010000000000001
0000101010110010111100000010001000000001
0000101010100010111011110011010000000001
0000101010011010111100000010001000000001
0000101001111010111011000010001000000001
0000101001110010111011010010001000000001
0000101001101010111011100010001000000001
0000000000000000000000000000000000000001
0000101010101000000000001110001000000001
0000101011000000000000001111001000000001
0000101011101010111101000010000000000001
0000101011100010111101010010001000000001
0000101011010010111101000011010000000001
0000101011001010111101010010001000000001
0000101010101010111100010010001000000001
0000101010100010111100100010001000000001
0000101010011010111100110010001000000001
0000000000000000000000000000000000000001
0000101011011000000000001110001000000001
0000101011110000000000001111001000000001
0000101100011010111110010010000000000001
0000101100010010111110100010001000000001
0000101100000010111110010011010000000001
0000101011111010111110100010001000000001
0000101011011010111101100010001000000001
0000101011010010111101110010001000000001
0000101011001010111110000010001000000001
0000000000000000000000000000000000000001
0000101100001000000000001110001000000001
0000101100100000000000001111001000000001
0000101101001010111111100010000000000001
0000101101000010111111110010001000000001
0000101100110010111111100011010000000001
0000101100101010111111110010001000000001
0000101100001010111110110010001000000001
0000101100000010111111000010001000000001
0000101011111010111111010010001000000001
0000000000000000000000000000000000000001
0000101100111000000000001110001000000001
0000101101010000000000001111001000000001
0000101101111011000000110010000000000001
0000101101110011000001000010001000000001
0000101101100011000000110011010000000001
0000101101011011000001000010001000000001
0000101100111011000000000010001000000001
0000101100110011000000010010001000000001
0000101100101011000000100010001000000001
0000000000000000000000000000000000000001
0000101101101000000000001110001000000001
0000101110000000000000001111001000000001
0000101110101011000010000010000000000001
0000101110100011000010010010001000000001
0000101110010011000010000011010000000001
0000101110001011000010010010001000000001
0000101101101011000001010010001000000001
0000101101100011000001100010001000000001
0000101101011011000001110010001000000001
0000000000000000000000000000000000000001
0000101110011000000000001110001000000001
0000101110110000000000001111001000000001
0000101111011011000011010010000000000001
0000101111010011000011100010001000000001
0000101111000011000011010011010000000001
0000101110111011000011100010001000000001
0000101110011011000010100010001000000001
0000101110010011000010110010001000000001
0000101110001011000011000010001000000001
0000000000000000000000000000000000000001
0000101111001000000000001110001000000001
0000101111100000000000001111001000000001
0000110000100011000100100010000000000001
0000110000011011000100110010001000000001
0000110000001011000100100011010000000001
0000110000000011000100110010001000000001
0000101111111011000011110010001000000001
0000101111110011000100000010001000000001
0000101111101011000100010010001000000001
0000000000000000000000000000000000000001
0000110000010000000000001110001000000001
0000110000101000000000001111001000000001
0000110001010011000101110010000000000001
0000110001001011000110000010001000000001
0000110000111011000101110011010000000001
0000110000110011000110000010001000000001
0000110000010011000101000010001000000001
0000110000001011000101010010001000000001
0000110000000011000101100010001000000001
0000000000000000000000000000000000000001
0000110001000000000000001110001000000001
0000110001011000000000001111001000000001
0000110010000011000111000010000000000001
0000110001111011000111010010001000000001
0000110001101011000111000011010000000001
0000110001100011000111010010001000000001
0000110001000011000110010010001000000001
0000110000111011000110100010001000000001
0000110000110011000110110010001000000001
0000000000000000000000000000000000000001
0000110001110000000000001110001000000001
0000110010001000000000001111001000000001
0000110010110011001000010010000000000001
0000110010101011001000100010001000000001
0000110010011011001000010011010000000001
0000110010010011001000100010001000000001
0000110001110011000111100010001000000001
0000110001101011000111110010001000000001
0000110001100011001000000010001000000001
0000000000000000000000000000000000000001
0000110010100000000000001110001000000001
0000110010111000000000001111001000000001
0000110011100011001001100010000000000001
0000110011011011001001110010001000000001
0000110011001011001001100011010000000001
0000110011000011001001110010001000000001
0000110010100011001000110010001000000001
0000110010011011001001000010001000000001
0000110010010011001001010010001000000001
0000000000000000000000000000000000000001
0000110011010000000000001110001000000001
0000110011101000000000001111001000000001
0000110100010011001010110010000000000001
0000110100001011001011000010001000000001
0000110011111011001010110011010000000001
0000110011110011001011000010001000000001
0000110011010011001010000010001000000001
0000110011001011001010010010001000000001
0000110011000011001010100010001000000001
0000000000000000000000000000000000000001
0000110100000000000000001110001000000001
0000110100011000000000001111001000000001
0000110101000011001100000010000000000001
0000110100111011001100010010001000000001
0000110100101011001100000011010000000001
0000110100100011001100010010001000000001
0000110100000011001011010010001000000001
0000110011111011001011100010001000000001
0000110011110011001011110010001000000001
0000000000000000000000000000000000000001
0000110100110000000000001110001000000001
0000110101001000000000001111001000000001
0000110101110011001101010010000000000001
0000110101101011001101100010001000000001
0000110101011011001101010011010000000001
0000110101010011001101100010001000000001
0000110100110011001100100010001000000001
0000110100101011001100110010001000000001
0000110100100011001101000010001000000001
0000000000000000000000000000000000000001
0000110101100000000000001110001000000001
0000110101111000000000001111001000000001
0000110110100011001110100010000000000001
0000110110011011001110110010001000000001
0000110110001011001110100011010000000001
0000110110000011001110110010001000000001
0000110101100011001101110010001000000001
0000110101011011001110000010001000000001
0000110101010011001110010010001000000001
0000000000000000000000000000000000000001
0000110110010000000000001110001000000001
0000110110101000000000001111001000000001
0000110111010011001111110010000000000001
0000110111001011010000000010001000000001
0000110110111011001111110011010000000001
0000110110110011010000000010001000000001
0000110110010011001111000010001000000001
0000110110001011001111010010001000000001
0000110110000011001111100010001000000001
0000000000000000000000000000000000000001
0000110111000000000000001110001000000001
0000110111011000000000001111001000000001
0000111000000011010001000010000000000001
0000110111111011010001010010001000000001
0000110111101011010001000011010000000001
0000110111100011010001010010001000000001
0000110111000011010000010010001000000001
0000110110111011010000100010001000000001
0000110110110011010000110010001000000001
0000000000000000000000000000000000000001
0000110111110000000000001110001000000001
0000111000001000000000001111001000000001
0000111000110011010010010010000000000001
0000111000101011010010100010001000000001
0000111000011011010010010011010000000001
0000111000010011010010100010001000000001
0000110111110011010001100010001000000001
0000110111101011010001110010001000000001
0000110111100011010010000010001000000001
0000000000000000000000000000000000000001
0000111000100000000000001110001000000001
0000111000111000000000001111001000000001
0000111001111011010011100010000000000001
0000111001110011010011110010001000000001
0000111001100011010011100011010000000001
0000111001011011010011110010001000000001
0000111001010011010010110010001000000001
0000111001001011010011000010001000000001
0000111001000011010011010010001000000001
0000000000000000000000000000000000000001
0000111001101000000000001110001000000001
0000111010000000000000001111001000000001
0000111010101011010100110010000000000001
0000111010100011010101000010001000000001
0000111010010011010100110011010000000001
0000111010001011010101000010001000000001
0000111001101011010100000010001000000001
0000111001100011010100010010001000000001
0000111001011011010100100010001000000001
0000000000000000000000000000000000000001
0000111010011000000000001110001000000001
0000111010110000000000001111001000000001
0000111011011011010110000010000000000001
0000111011010011010110010010001000000001
0000111011000011010110000011010000000001
0000111010111011010110010010001000000001
0000111010011011010101010010001000000001
0000111010010011010101100010001000000001
0000111010001011010101110010001000000001
0000000000000000000000000000000000000001
0000111011001000000000001110001000000001
0000111011100000000000001111001000000001
0000111100001011010110100010000000000001
0000111011111001000010000010001000000001
0000111100000000000000001110001000000001
0000111100000001000010000010000001000001
0000011010100001000010000010001000000001
0000111011101000000000001100000000000001
0000111100001111111111110010001001000001
0000111100101000000000001110001000000001
0000000000000000000000000000000000000001
0000111100101011010110100010000000000001
0000111100001001000010000010001000000001
0000111100010000000000001110001000000001
0000111100111011010111100010000000000001
0000111100110011010111110010001000000001
0000111100101011010110110010001000000001
0000111100100011010111000010001000000001
0000111100011011010111010010001000000001
0000111101000000000000001110001000000001
0000111101000000000000001100000000000001
0000111101000111111111110010000000000001
0000000000000000000000000000000000000001
0000111101111000000000001110001000000001
0000111110000000000000001111001000000001
0000111101011001000010000010000000000001
0000111101011011100000010010001001000001
0000111110000011100000010010001000000001
0000111101001001000010000011010000000001
0000111101001011100000010010001001000001
0000111101111011100000011000001000000001
0000111101111011100000010010001000000001
0000000000000000000000000000000000000001
0000111101010000000000001110001000000001
0000111101100000000000001111001000000001
0000111110001000000000001111011000000001
0000111110001001000110100010000000000001
0000000000000000000000000000000000000001
0000111110010000000000001110001000000001
0000111110011000000000001111001000000001
0000111110010000000000001100000000000001
0000000000000000000000000000000000000001
0000000000000011011000011010000100000001
1111111111100001000010000010000000000001
0000000000000011011000001010000100000001
1111111111100001000010000010001001000001
0000111101101000000000001110001000000001
0000111110011000000000001100000000000001
0000111101101111111111110010000000000001
1111111111100001000010000010001000000001
0000111011110000000000001110001000000001
0000000000000011100000101010000000000001
0000111110101001000010000010000000000001
0000111110100000000000001110001000000001
0000100110100001000010000010000000000001
0000111110101000000000001110001010000001
0000000000000011100000111010000000000001
0001011100101001000010000010000000000001
0001011100100000000000001110001000000001
0000100011111001000010000010000000000001
0001011100101000000000001110001010000001
0000000000000011100001001010000000000001
0001111010101001000010000010000000000001
0001111010100000000000001110001000000001
0000111000100001000010000010000000000001
0001111010101000000000001110001010000001
0000000000000011100001011010000000000001
0010011000101001000010000010000000000001
0010011000100000000000001110001000000001
0000111011001001000010000010000000000001
0010011000101000000000001110001010000001
0010110111000011100001100010000000000001
0010110110110001000010000010001000000001
0010110110111000000000001110001000000001
0010110110111001000010000010000001000001
0000101111001001000010000010001000000001
0010110110100000000000001100000000000001
0010110111000111111111110010001001000001
0010110111100000000000001110001000000001
0000000000000000000000000000000000000001
0010110111100011100001100010000000000001
0010110111000001000010000010001000000001
0010110111001000000000001110001000000001
0010110111110011100010100010000000000001
0010110111101011100010110010001000000001
0010110111100011100001110010001000000001
0010110111011011100010000010001000000001
0010110111010011100010010010001000000001
0010110111111000000000001110001000000001
0010110111111000000000001100000000000001
0010110111111111111111110010000000000001
0000000000000000000000000000000000000001
0010111000101000000000001110001000000001
0010111000110000000000001111001000000001
0010111000010001000010000010000000000001
0010111000010011101011010010001001000001
0010111000110011101011010010001000000001
0010111000000001000010000011010000000001
0010111000000011101011010010001001000001
0010111000101011101011011000001000000001
0010111000101011101011010010001000000001
0000000000000000000000000000000000000001
0010111000001000000000001110001000000001
0010111000011000000000001111001000000001
0010111000111000000000001111011000000001
0010111000111001000110100010000000000001
0000000000000000000000000000000000000001
0010111001000000000000001110001000000001
0010111001001000000000001111001000000001
0010111001000000000000001100000000000001
0000000000000000000000000000000000000001
0000000000000011100011011010000100000001
1111111111100001000010000010000000000001
0000000000000011100011001010000100000001
1111111111100001000010000010001001000001
0010111000100000000000001110001000000001
0010111001001000000000001100000000000001
0010111000100111111111110010000000000001
1111111111100001000010000010001000000001
0010110110101000000000001110001000000001
0010111001110011101011100010000000000001
0010111001100001000010000010001000000001
0010111001101000000000001110001000000001
0010111001101001000010000010000001000001
0000111100101001000010000010001000000001
0010111001010000000000001100000000000001
0010111001110111111111110010001001000001
0010111010010000000000001110001000000001
0000000000000000000000000000000000000001
0010111010010011101011100010000000000001
0010111001110001000010000010001000000001
0010111001111000000000001110001000000001
0010111010100011101100100010000000000001
0010111010011011101100110010001000000001
0010111010010011101011110010001000000001
0010111010001011101100000010001000000001
0010111010000011101100010010001000000001
0010111010101000000000001110001000000001
0010111010101000000000001100000000000001
0010111010101111111111110010000000000001
0000000000000000000000000000000000000001
0010111011011000000000001110001000000001
0010111011100000000000001111001000000001
0010111011000001000010000010000000000001
0010111011000011110101010010001001000001
0010111011100011110101010010001000000001
0010111010110001000010000011010000000001
0010111010110011110101010010001001000001
0010111011011011110101011000001000000001
0010111011011011110101010010001000000001
0000000000000000000000000000000000000001
0010111010111000000000001110001000000001
0010111011001000000000001111001000000001
0010111011101000000000001111011000000001
0010111011101001000110100010000000000001
0000000000000000000000000000000000000001
0010111011110000000000001110001000000001
0010111011111000000000001111001000000001
0010111011110000000000001100000000000001
0000000000000000000000000000000000000001
0000000000000011101101011010000100000001
1111111111100001000010000010000000000001
0000000000000011101101001010000100000001
1111111111100001000010000010001001000001
0010111011010000000000001110001000000001
0010111011111000000000001100000000000001
0010111011010111111111110010000000000001
1111111111100001000010000010001000000001
0010111001011000000000001110001000000001
0001011100100001000010000010000000000001
1111111101110000000000000000001000000001
0000111110100001000010000010000000000001
1111111100101000000000000000001000000001
0010111100100011110101100010000000000001
0010111100010001000010000010001000000001
0010111100011000000000001110001000000001
0010111100011001000010000010000001000001
0010110111100001000010000010001000000001
0010111100000000000000001100000000000001
0010111100100111111111110010001001000001
0010111101000000000000001110001000000001
0000000000000000000000000000000000000001
0010111101000011110101100010000000000001
0010111100100001000010000010001000000001
0010111100101000000000001110001000000001
0010111101010011110110100010000000000001
0010111101001011110110110010001000000001
0010111101000011110101110010001000000001
0010111100111011110110000010001000000001
0010111100110011110110010010001000000001
0010111101011000000000001110001000000001
0010111101011000000000001100000000000001
0010111101011111111111110010000000000001
0000000000000000000000000000000000000001
0010111110001000000000001110001000000001
0010111110010000000000001111001000000001
0010111101110001000010000010000000000001
0010111101110011111111010010001001000001
0010111110010011111111010010001000000001
0010111101100001000010000011010000000001
0010111101100011111111010010001001000001
0010111110001011111111011000001000000001
0010111110001011111111010010001000000001
0000000000000000000000000000000000000001
0010111101101000000000001110001000000001
0010111101111000000000001111001000000001
0010111110011000000000001111011000000001
0010111110011001000110100010000000000001
0000000000000000000000000000000000000001
0010111110100000000000001110001000000001
0010111110101000000000001111001000000001
0010111110100000000000001100000000000001
0000000000000000000000000000000000000001
0000000000000011110111011010000100000001
1111111111100001000010000010000000000001
0000000000000011110111001010000100000001
1111111111100001000010000010001001000001
0010111110000000000000001110001000000001
0010111110101000000000001100000000000001
0010111110000111111111110010000000000001
1111111111100001000010000010001000000001
0010111100001000000000001110001000000001
0001111010100001000010000010000000000001
1111111110000000000000000000001000000001
0010011000100001000010000010000000000001
1111111101111000000000000000001000000001
0010111010010001000010000010000000000001
1111111100110000000000000000001000000001
0010111101000001000010000010000000000001
1111111101101000000000000000001000000001
0000000000000000000000000000000000000001
0000000000000000000000000000000000000001
0000000000000000000000000000000000000001
0000000000000000000000000000000000000001
0000000000000000000000000000000000000001
0000000000000000000000000000000000000001
0000000000000000000000000000000000000001
0000000000000000000000000000000000000001
0000000000000000000000000000000000000001
0000000000000000000000000000000000000001
0000000000000000000000000000000000000001
0000000000000000000000000000000000000001
0000000000000000000000000000000000000001
0000000000000000000000000000000000000001
