0000000000000000000000000000000000000001
0000000000010000000000001110100000000001
0000000000000000000000000000000000000001
0000000000000000000000001110100000000001
0000000000101010000000000010000000000001
0000000000011010000000000011010000000001
0000000000001001000010000010001001000001
0000000000010001000010000010001000000001
0000000000100000000000001110001000000001
0000000000000000000000000000000000000001
0000000000110000000000001111001000000001
0000000000000010000000010010000000000001
0000000001000000000000001110001000000001
0000000000000000000000000000000000000001
0000000000100010000000100010000000000001
0000000000000000000000000000000000000001
0000000001110000000000001110001000000001
0000000010011010000001100010000000000001
0000000010010010000010000010001000000001
0000000010000010000001100011010000000001
0000000001111010000010000010001000000001
0000000001110010000001000010001000000001
0000000001101010000001010010001000000001
0000000001100010000001110010001000000001
0000000000000000000000000000000000000001
0000000010001000000000001110001000000001
0000000010100000000000001111001000000001
0000000011000010000010110010000000000001
0000000010110010000010110011010000000001
0000000010001010000010010010001000000001
0000000010000010000010100010001000000001
0000000000000000000000000000000000000001
0000000010111000000000001110001000000001
0000000001001000000000001110001000000001
0000000011001000000000001111001000000001
0000000000100001000010000010000000000001
0000000000000000000000000000000000000001
0000000011011000000000001110001000000001
0000000011111010000011100010000000000001
0000000011101010000011100011010000000001
0000000011011010000011000010001000000001
0000000011010010000011010010001000000001
0000000000000000000000000000000000000001
0000000011110000000000001110001000000001
0000000100000000000000001111001000000001
0000000100100010000100010010000000000001
0000000100010010000100010011010000000001
0000000011110010000011110010001000000001
0000000011101010000100000010001000000001
0000000000000000000000000000000000000001
0000000100011000000000001110001000000001
0000000100101000000000001111001000000001
0000000101010010000101000010000000000001
0000000101001010000101100010001000000001
0000000100111010000101000011010000000001
0000000100110010000101100010001000000001
0000000100011010000100100010001000000001
0000000100010010000100110010001000000001
0000000100001010000101010010001000000001
0000000000000000000000000000000000000001
0000000101000000000000001110001000000001
0000000101011000000000001111001000000001
0000000110000010000110010010000000000001
0000000101111010000110110010001000000001
0000000101101010000110010011010000000001
0000000101100010000110110010001000000001
0000000101000010000101110010001000000001
0000000100111010000110000010001000000001
0000000100110010000110100010001000000001
0000000000000000000000000000000000000001
0000000101110000000000001110001000000001
0000000001010000000000001110001000000001
0000000110001000000000001111001000000001
0000000000100010000000110010000000000001
0000000000000000000000000000000000000001
0000000110100000000000001110001000000001
0000000111001010000111100010000000000001
0000000111000010001000000010001000000001
0000000110110010000111100011010000000001
0000000110101010001000000010001000000001
0000000110100010000111000010001000000001
0000000110011010000111010010001000000001
0000000110010010000111110010001000000001
0000000000000000000000000000000000000001
0000000110111000000000001110001000000001
0000000111010000000000001111001000000001
0000000111111010001000110010000000000001
0000000111110010001001010010001000000001
0000000111100010001000110011010000000001
0000000111011010001001010010001000000001
0000000110111010001000010010001000000001
0000000110110010001000100010001000000001
0000000110101010001001000010001000000001
0000000000000000000000000000000000000001
0000000111101000000000001110001000000001
0000000001011000000000001110001000000001
0000001000000000000000001111001000000001
0000000001001010001001100010000000000001
0000001000011000000000001110001000000001
0000000001010010001001110010000000000001
0000010001000000000000001110001000000001
0000000001011010001010000010000000000001
0000011010011000000000001110001000000001
0000000001000001000010000010000000000001
1111111100101000000000000000001000000001
0000001001000010001011000010000000000001
0000001000111010001011010010001000000001
0000001000101010001011000011010000000001
0000001000100010001011010010001000000001
0000001000011010001010010010001000000001
0000001000010010001010100010001000000001
0000001000001010001010110010001000000001
0000000000000000000000000000000000000001
0000001000110000000000001110001000000001
0000001001001000000000001111001000000001
0000001001110010001100010010000000000001
0000001001101010001100100010001000000001
0000001001011010001100010011010000000001
0000001001010010001100100010001000000001
0000001000110010001011100010001000000001
0000001000101010001011110010001000000001
0000001000100010001100000010001000000001
0000000000000000000000000000000000000001
0000001001100000000000001110001000000001
0000001001111000000000001111001000000001
0000001010100010001101100010000000000001
0000001010011010001101110010001000000001
0000001010001010001101100011010000000001
0000001010000010001101110010001000000001
0000001001100010001100110010001000000001
0000001001011010001101000010001000000001
0000001001010010001101010010001000000001
0000000000000000000000000000000000000001
0000001010010000000000001110001000000001
0000001010101000000000001111001000000001
0000001011010010001110110010000000000001
0000001011001010001111000010001000000001
0000001010111010001110110011010000000001
0000001010110010001111000010001000000001
0000001010010010001110000010001000000001
0000001010001010001110010010001000000001
0000001010000010001110100010001000000001
0000000000000000000000000000000000000001
0000001011000000000000001110001000000001
0000001011011000000000001111001000000001
0000001100000010010000000010000000000001
0000001011111010010000010010001000000001
0000001011101010010000000011010000000001
0000001011100010010000010010001000000001
0000001011000010001111010010001000000001
0000001010111010001111100010001000000001
0000001010110010001111110010001000000001
0000000000000000000000000000000000000001
0000001011110000000000001110001000000001
0000001100001000000000001111001000000001
0000001100110010010001010010000000000001
0000001100101010010001100010001000000001
0000001100011010010001010011010000000001
0000001100010010010001100010001000000001
0000001011110010010000100010001000000001
0000001011101010010000110010001000000001
0000001011100010010001000010001000000001
0000000000000000000000000000000000000001
0000001100100000000000001110001000000001
0000001100111000000000001111001000000001
0000001101100010010010100010000000000001
0000001101011010010010110010001000000001
0000001101001010010010100011010000000001
0000001101000010010010110010001000000001
0000001100100010010001110010001000000001
0000001100011010010010000010001000000001
0000001100010010010010010010001000000001
0000000000000000000000000000000000000001
0000001101010000000000001110001000000001
0000001101101000000000001111001000000001
0000001110010010010011110010000000000001
0000001110001010010100000010001000000001
0000001101111010010011110011010000000001
0000001101110010010100000010001000000001
0000001101010010010011000010001000000001
0000001101001010010011010010001000000001
0000001101000010010011100010001000000001
0000000000000000000000000000000000000001
0000001110000000000000001110001000000001
0000001110011000000000001111001000000001
0000001111000010010101000010000000000001
0000001110111010010101010010001000000001
0000001110101010010101000011010000000001
0000001110100010010101010010001000000001
0000001110000010010100010010001000000001
0000001101111010010100100010001000000001
0000001101110010010100110010001000000001
0000000000000000000000000000000000000001
0000001110110000000000001110001000000001
0000001111001000000000001111001000000001
0000001111110010010110010010000000000001
0000001111101010010110100010001000000001
0000001111011010010110010011010000000001
0000001111010010010110100010001000000001
0000001110110010010101100010001000000001
0000001110101010010101110010001000000001
0000001110100010010110000010001000000001
0000000000000000000000000000000000000001
0000001111100000000000001110001000000001
0000001111111000000000001111001000000001
0000010000100010010111100010000000000001
0000010000011010010111110010001000000001
0000010000001010010111100011010000000001
0000010000000010010111110010001000000001
0000001111100010010110110010001000000001
0000001111011010010111000010001000000001
0000001111010010010111010010001000000001
0000000000000000000000000000000000000001
0000010000010000000000001110001000000001
0000010000101000000000001111001000000001
0000010001101010011000110010000000000001
0000010001100010011001000010001000000001
0000010001010010011000110011010000000001
0000010001001010011001000010001000000001
0000010001000010011000000010001000000001
0000010000111010011000010010001000000001
0000010000110010011000100010001000000001
0000000000000000000000000000000000000001
0000010001011000000000001110001000000001
0000010001110000000000001111001000000001
0000010010011010011010000010000000000001
0000010010010010011010010010001000000001
0000010010000010011010000011010000000001
0000010001111010011010010010001000000001
0000010001011010011001010010001000000001
0000010001010010011001100010001000000001
0000010001001010011001110010001000000001
0000000000000000000000000000000000000001
0000010010001000000000001110001000000001
0000010010100000000000001111001000000001
0000010011001010011011010010000000000001
0000010011000010011011100010001000000001
0000010010110010011011010011010000000001
0000010010101010011011100010001000000001
0000010010001010011010100010001000000001
0000010010000010011010110010001000000001
0000010001111010011011000010001000000001
0000000000000000000000000000000000000001
0000010010111000000000001110001000000001
0000010011010000000000001111001000000001
0000010011111010011100100010000000000001
0000010011110010011100110010001000000001
0000010011100010011100100011010000000001
0000010011011010011100110010001000000001
0000010010111010011011110010001000000001
0000010010110010011100000010001000000001
0000010010101010011100010010001000000001
0000000000000000000000000000000000000001
0000010011101000000000001110001000000001
0000010100000000000000001111001000000001
0000010100101010011101110010000000000001
0000010100100010011110000010001000000001
0000010100010010011101110011010000000001
0000010100001010011110000010001000000001
0000010011101010011101000010001000000001
0000010011100010011101010010001000000001
0000010011011010011101100010001000000001
0000000000000000000000000000000000000001
0000010100011000000000001110001000000001
0000010100110000000000001111001000000001
0000010101011010011111000010000000000001
0000010101010010011111010010001000000001
0000010101000010011111000011010000000001
0000010100111010011111010010001000000001
0000010100011010011110010010001000000001
0000010100010010011110100010001000000001
0000010100001010011110110010001000000001
0000000000000000000000000000000000000001
0000010101001000000000001110001000000001
0000010101100000000000001111001000000001
0000010110001010100000010010000000000001
0000010110000010100000100010001000000001
0000010101110010100000010011010000000001
0000010101101010100000100010001000000001
0000010101001010011111100010001000000001
0000010101000010011111110010001000000001
0000010100111010100000000010001000000001
0000000000000000000000000000000000000001
0000010101111000000000001110001000000001
0000010110010000000000001111001000000001
0000010110111010100001100010000000000001
0000010110110010100001110010001000000001
0000010110100010100001100011010000000001
0000010110011010100001110010001000000001
0000010101111010100000110010001000000001
0000010101110010100001000010001000000001
0000010101101010100001010010001000000001
0000000000000000000000000000000000000001
0000010110101000000000001110001000000001
0000010111000000000000001111001000000001
0000010111101010100010110010000000000001
0000010111100010100011000010001000000001
0000010111010010100010110011010000000001
0000010111001010100011000010001000000001
0000010110101010100010000010001000000001
0000010110100010100010010010001000000001
0000010110011010100010100010001000000001
0000000000000000000000000000000000000001
0000010111011000000000001110001000000001
0000010111110000000000001111001000000001
0000011000011010100100000010000000000001
0000011000010010100100010010001000000001
0000011000000010100100000011010000000001
0000010111111010100100010010001000000001
0000010111011010100011010010001000000001
0000010111010010100011100010001000000001
0000010111001010100011110010001000000001
0000000000000000000000000000000000000001
0000011000001000000000001110001000000001
0000011000100000000000001111001000000001
0000011001001010100101010010000000000001
0000011001000010100101100010001000000001
0000011000110010100101010011010000000001
0000011000101010100101100010001000000001
0000011000001010100100100010001000000001
0000011000000010100100110010001000000001
0000010111111010100101000010001000000001
0000000000000000000000000000000000000001
0000011000111000000000001110001000000001
0000011001010000000000001111001000000001
0000011001111010100110100010000000000001
0000011001110010100110110010001000000001
0000011001100010100110100011010000000001
0000011001011010100110110010001000000001
0000011000111010100101110010001000000001
0000011000110010100110000010001000000001
0000011000101010100110010010001000000001
0000000000000000000000000000000000000001
0000011001101000000000001110001000000001
0000011010000000000000001111001000000001
0000011011000010100111110010000000000001
0000011010111010101000000010001000000001
0000011010101010100111110011010000000001
0000011010100010101000000010001000000001
0000011010011010100111000010001000000001
0000011010010010100111010010001000000001
0000011010001010100111100010001000000001
0000000000000000000000000000000000000001
0000011010110000000000001110001000000001
0000011011001000000000001111001000000001
0000011011110010101001000010000000000001
0000011011101010101001010010001000000001
0000011011011010101001000011010000000001
0000011011010010101001010010001000000001
0000011010110010101000010010001000000001
0000011010101010101000100010001000000001
0000011010100010101000110010001000000001
0000000000000000000000000000000000000001
0000011011100000000000001110001000000001
0000011011111000000000001111001000000001
0000011100100010101010010010000000000001
0000011100011010101010100010001000000001
0000011100001010101010010011010000000001
0000011100000010101010100010001000000001
0000011011100010101001100010001000000001
0000011011011010101001110010001000000001
0000011011010010101010000010001000000001
0000000000000000000000000000000000000001
0000011100010000000000001110001000000001
0000011100101000000000001111001000000001
0000000000000010101010111010000000000001
0000011100111001000010000010000000000001
0000011100110000000000001110001000000001
0000011001101001000010000010000000000001
0000011100111000000000001110001010000001
0000000000000010101011001010000000000001
0000111010111001000010000010000000000001
0000111010110000000000001110001000000001
0000011100010001000010000010000000000001
0000111010111000000000001110001010000001
0001011001010010101011010010000000000001
0001011001000001000010000010001000000001
0001011001001000000000001110001000000001
0001011001001001000010000010000001000001
0000010000010001000010000010001000000001
0001011000110000000000001100000000000001
0001011001010111111111110010001001000001
0001011001110000000000001110001000000001
0000000000000000000000000000000000000001
0001011001110010101011010010000000000001
0001011001010001000010000010001000000001
0001011001011000000000001110001000000001
0001011010000010101100010010000000000001
0001011001111010101100100010001000000001
0001011001110010101011100010001000000001
0001011001101010101011110010001000000001
0001011001100010101100000010001000000001
0001011010001000000000001110001000000001
0001011010001000000000001100000000000001
0001011010001111111111110010000000000001
0000000000000000000000000000000000000001
0001011011000000000000001110001000000001
0001011011001000000000001111001000000001
0001011010100001000010000010000000000001
0001011010100010110101000010001001000001
0001011011001010110101000010001000000001
0001011010010001000010000011010000000001
0001011010010010110101000010001001000001
0001011011000010110101001000001000000001
0001011011000010110101000010001000000001
0000000000000000000000000000000000000001
0001011010011000000000001110001000000001
0001011010101000000000001111001000000001
0001011011010000000000001111011000000001
0001011011010001000110100010000000000001
0000000000000000000000000000000000000001
0001011011011000000000001110001000000001
0001011011100000000000001111001000000001
0001011011011000000000001100000000000001
0000000000000000000000000000000000000001
0000000000000010101101001010000100000001
1111111111100001000010000010000000000001
0000000000000010101100111010000100000001
1111111111100001000010000010001001000001
0001011010110000000000001110001000000001
0001011011100000000000001100000000000001
0001011010110111111111110010000000000001
1111111111100001000010000010001000000001
0001011000111000000000001110001000000001
0001011100001010110101010010000000000001
0001011011111001000010000010001000000001
0001011100000000000000001110001000000001
0001011100000001000010000010000001000001
0001011001110001000010000010001000000001
0001011011101000000000001100000000000001
0001011100001111111111110010001001000001
0001011100101000000000001110001000000001
0000000000000000000000000000000000000001
0001011100101010110101010010000000000001
0001011100001001000010000010001000000001
0001011100010000000000001110001000000001
0001011100111010110110010010000000000001
0001011100110010110110100010001000000001
0001011100101010110101100010001000000001
0001011100100010110101110010001000000001
0001011100011010110110000010001000000001
0001011101000000000000001110001000000001
0001011101000000000000001100000000000001
0001011101000111111111110010000000000001
0000000000000000000000000000000000000001
0001011101110000000000001110001000000001
0001011101111000000000001111001000000001
0001011101011001000010000010000000000001
0001011101011010111111000010001001000001
0001011101111010111111000010001000000001
0001011101001001000010000011010000000001
0001011101001010111111000010001001000001
0001011101110010111111001000001000000001
0001011101110010111111000010001000000001
0000000000000000000000000000000000000001
0001011101010000000000001110001000000001
0001011101100000000000001111001000000001
0001011110000000000000001111011000000001
0001011110000001000110100010000000000001
0000000000000000000000000000000000000001
0001011110001000000000001110001000000001
0001011110010000000000001111001000000001
0001011110001000000000001100000000000001
0000000000000000000000000000000000000001
0000000000000010110111001010000100000001
1111111111100001000010000010000000000001
0000000000000010110110111010000100000001
1111111111100001000010000010001001000001
0001011101101000000000001110001000000001
0001011110010000000000001100000000000001
0001011101101111111111110010000000000001
1111111111100001000010000010001000000001
0001011011110000000000001110001000000001
0000111010110001000010000010000000000001
1111111101111000000000000000001000000001
0000011100110001000010000010000000000001
1111111110000000000000000000001000000001
0001011100101001000010000010000000000001
1111111101101000000000000000001000000001
0000000000000000000000000000000000000001
0000000000000000000000000000000000000001
0000000000000000000000000000000000000001
0000000000000000000000000000000000000001
0000000000000000000000000000000000000001
0000000000000000000000000000000000000001
0000000000000000000000000000000000000001
0000000000000000000000000000000000000001
0000000000000000000000000000000000000001
0000000000000000000000000000000000000001
0000000000000000000000000000000000000001
0000000000000000000000000000000000000001
0000000000000000000000000000000000000001
0000000000000000000000000000000000000001
0000000000000000000000000000000000000001
0000000000000000000000000000000000000001
0000000000000000000000000000000000000001
0000000000000000000000000000000000000001
0000000000000000000000000000000000000001
0000000000000000000000000000000000000001
0000000000000000000000000000000000000001
0000000000000000000000000000000000000001
0000000000000000000000000000000000000001
0000000000000000000000000000000000000001
0000000000000000000000000000000000000001
0000000000000000000000000000000000000001
0000000000000000000000000000000000000001
0000000000000000000000000000000000000001
0000000000000000000000000000000000000001
0000000000000000000000000000000000000001
0000000000000000000000000000000000000001
0000000000000000000000000000000000000001
0000000000000000000000000000000000000001
0000000000000000000000000000000000000001
0000000000000000000000000000000000000001
0000000000000000000000000000000000000001
0000000000000000000000000000000000000001
0000000000000000000000000000000000000001
0000000000000000000000000000000000000001
0000000000000000000000000000000000000001
0000000000000000000000000000000000000001
0000000000000000000000000000000000000001
0000000000000000000000000000000000000001
0000000000000000000000000000000000000001
0000000000000000000000000000000000000001
0000000000000000000000000000000000000001
0000000000000000000000000000000000000001
0000000000000000000000000000000000000001
0000000000000000000000000000000000000001
0000000000000000000000000000000000000001
0000000000000000000000000000000000000001
0000000000000000000000000000000000000001
0000000000000000000000000000000000000001
0000000000000000000000000000000000000001
0000000000000000000000000000000000000001
0000000000000000000000000000000000000001
0000000000000000000000000000000000000001
0000000000000000000000000000000000000001
0000000000000000000000000000000000000001
0000000000000000000000000000000000000001
0000000000000000000000000000000000000001
0000000000000000000000000000000000000001
0000000000000000000000000000000000000001
0000000000000000000000000000000000000001
0000000000000000000000000000000000000001
0000000000000000000000000000000000000001
0000000000000000000000000000000000000001
0000000000000000000000000000000000000001
0000000000000000000000000000000000000001
0000000000000000000000000000000000000001
0000000000000000000000000000000000000001
0000000000000000000000000000000000000001
0000000000000000000000000000000000000001
0000000000000000000000000000000000000001
0000000000000000000000000000000000000001
0000000000000000000000000000000000000001
0000000000000000000000000000000000000001
0000000000000000000000000000000000000001
0000000000000000000000000000000000000001
0000000000000000000000000000000000000001
0000000000000000000000000000000000000001
0000000000000000000000000000000000000001
0000000000000000000000000000000000000001
0000000000000000000000000000000000000001
0000000000000000000000000000000000000001
0000000000000000000000000000000000000001
0000000000000000000000000000000000000001
0000000000000000000000000000000000000001
0000000000000000000000000000000000000001
0000000000000000000000000000000000000001
0000000000000000000000000000000000000001
0000000000000000000000000000000000000001
0000000000000000000000000000000000000001
0000000000000000000000000000000000000001
0000000000000000000000000000000000000001
0000000000000000000000000000000000000001
0000000000000000000000000000000000000001
0000000000000000000000000000000000000001
0000000000000000000000000000000000000001
0000000000000000000000000000000000000001
0000000000000000000000000000000000000001
0000000000000000000000000000000000000001
0000000000000000000000000000000000000001
0000000000000000000000000000000000000001
0000000000000000000000000000000000000001
0000000000000000000000000000000000000001
0000000000000000000000000000000000000001
0000000000000000000000000000000000000001
0000000000000000000000000000000000000001
0000000000000000000000000000000000000001
0000000000000000000000000000000000000001
0000000000000000000000000000000000000001
0000000000000000000000000000000000000001
0000000000000000000000000000000000000001
0000000000000000000000000000000000000001
0000000000000000000000000000000000000001
0000000000000000000000000000000000000001
0000000000000000000000000000000000000001
0000000000000000000000000000000000000001
0000000000000000000000000000000000000001
0000000000000000000000000000000000000001
0000000000000000000000000000000000000001
0000000000000000000000000000000000000001
0000000000000000000000000000000000000001
0000000000000000000000000000000000000001
0000000000000000000000000000000000000001
0000000000000000000000000000000000000001
0000000000000000000000000000000000000001
0000000000000000000000000000000000000001
0000000000000000000000000000000000000001
0000000000000000000000000000000000000001
0000000000000000000000000000000000000001
0000000000000000000000000000000000000001
0000000000000000000000000000000000000001
0000000000000000000000000000000000000001
0000000000000000000000000000000000000001
0000000000000000000000000000000000000001
0000000000000000000000000000000000000001
0000000000000000000000000000000000000001
0000000000000000000000000000000000000001
0000000000000000000000000000000000000001
0000000000000000000000000000000000000001
0000000000000000000000000000000000000001
0000000000000000000000000000000000000001
0000000000000000000000000000000000000001
0000000000000000000000000000000000000001
0000000000000000000000000000000000000001
0000000000000000000000000000000000000001
0000000000000000000000000000000000000001
0000000000000000000000000000000000000001
0000000000000000000000000000000000000001
0000000000000000000000000000000000000001
0000000000000000000000000000000000000001
0000000000000000000000000000000000000001
0000000000000000000000000000000000000001
0000000000000000000000000000000000000001
0000000000000000000000000000000000000001
0000000000000000000000000000000000000001
0000000000000000000000000000000000000001
0000000000000000000000000000000000000001
0000000000000000000000000000000000000001
0000000000000000000000000000000000000001
0000000000000000000000000000000000000001
0000000000000000000000000000000000000001
0000000000000000000000000000000000000001
0000000000000000000000000000000000000001
0000000000000000000000000000000000000001
0000000000000000000000000000000000000001
0000000000000000000000000000000000000001
0000000000000000000000000000000000000001
0000000000000000000000000000000000000001
0000000000000000000000000000000000000001
0000000000000000000000000000000000000001
0000000000000000000000000000000000000001
0000000000000000000000000000000000000001
0000000000000000000000000000000000000001
0000000000000000000000000000000000000001
0000000000000000000000000000000000000001
0000000000000000000000000000000000000001
0000000000000000000000000000000000000001
0000000000000000000000000000000000000001
0000000000000000000000000000000000000001
0000000000000000000000000000000000000001
0000000000000000000000000000000000000001
0000000000000000000000000000000000000001
0000000000000000000000000000000000000001
0000000000000000000000000000000000000001
0000000000000000000000000000000000000001
0000000000000000000000000000000000000001
0000000000000000000000000000000000000001
0000000000000000000000000000000000000001
0000000000000000000000000000000000000001
0000000000000000000000000000000000000001
0000000000000000000000000000000000000001
0000000000000000000000000000000000000001
0000000000000000000000000000000000000001
0000000000000000000000000000000000000001
0000000000000000000000000000000000000001
0000000000000000000000000000000000000001
0000000000000000000000000000000000000001
0000000000000000000000000000000000000001
0000000000000000000000000000000000000001
0000000000000000000000000000000000000001
0000000000000000000000000000000000000001
0000000000000000000000000000000000000001
0000000000000000000000000000000000000001
0000000000000000000000000000000000000001
0000000000000000000000000000000000000001
0000000000000000000000000000000000000001
0000000000000000000000000000000000000001
0000000000000000000000000000000000000001
0000000000000000000000000000000000000001
0000000000000000000000000000000000000001
0000000000000000000000000000000000000001
0000000000000000000000000000000000000001
0000000000000000000000000000000000000001
0000000000000000000000000000000000000001
0000000000000000000000000000000000000001
0000000000000000000000000000000000000001
0000000000000000000000000000000000000001
0000000000000000000000000000000000000001
0000000000000000000000000000000000000001
0000000000000000000000000000000000000001
0000000000000000000000000000000000000001
0000000000000000000000000000000000000001
0000000000000000000000000000000000000001
0000000000000000000000000000000000000001
0000000000000000000000000000000000000001
0000000000000000000000000000000000000001
0000000000000000000000000000000000000001
0000000000000000000000000000000000000001
0000000000000000000000000000000000000001
0000000000000000000000000000000000000001
0000000000000000000000000000000000000001
0000000000000000000000000000000000000001
0000000000000000000000000000000000000001
0000000000000000000000000000000000000001
0000000000000000000000000000000000000001
0000000000000000000000000000000000000001
0000000000000000000000000000000000000001
0000000000000000000000000000000000000001
0000000000000000000000000000000000000001
0000000000000000000000000000000000000001
0000000000000000000000000000000000000001
0000000000000000000000000000000000000001
0000000000000000000000000000000000000001
0000000000000000000000000000000000000001
0000000000000000000000000000000000000001
0000000000000000000000000000000000000001
0000000000000000000000000000000000000001
0000000000000000000000000000000000000001
0000000000000000000000000000000000000001
0000000000000000000000000000000000000001
0000000000000000000000000000000000000001
0000000000000000000000000000000000000001
0000000000000000000000000000000000000001
0000000000000000000000000000000000000001
0000000000000000000000000000000000000001
0000000000000000000000000000000000000001
0000000000000000000000000000000000000001
0000000000000000000000000000000000000001
0000000000000000000000000000000000000001
0000000000000000000000000000000000000001
0000000000000000000000000000000000000001
0000000000000000000000000000000000000001
0000000000000000000000000000000000000001
0000000000000000000000000000000000000001
0000000000000000000000000000000000000001
0000000000000000000000000000000000000001
0000000000000000000000000000000000000001
0000000000000000000000000000000000000001
0000000000000000000000000000000000000001
0000000000000000000000000000000000000001
0000000000000000000000000000000000000001
0000000000000000000000000000000000000001
0000000000000000000000000000000000000001
0000000000000000000000000000000000000001
0000000000000000000000000000000000000001
0000000000000000000000000000000000000001
0000000000000000000000000000000000000001
0000000000000000000000000000000000000001
0000000000000000000000000000000000000001
0000000000000000000000000000000000000001
0000000000000000000000000000000000000001
0000000000000000000000000000000000000001
0000000000000000000000000000000000000001
0000000000000000000000000000000000000001
0000000000000000000000000000000000000001
0000000000000000000000000000000000000001
0000000000000000000000000000000000000001
0000000000000000000000000000000000000001
0000000000000000000000000000000000000001
0000000000000000000000000000000000000001
0000000000000000000000000000000000000001
0000000000000000000000000000000000000001
0000000000000000000000000000000000000001
0000000000000000000000000000000000000001
0000000000000000000000000000000000000001
0000000000000000000000000000000000000001
0000000000000000000000000000000000000001
0000000000000000000000000000000000000001
0000000000000000000000000000000000000001
0000000000000000000000000000000000000001
0000000000000000000000000000000000000001
0000000000000000000000000000000000000001
0000000000000000000000000000000000000001
0000000000000000000000000000000000000001
0000000000000000000000000000000000000001
0000000000000000000000000000000000000001
0000000000000000000000000000000000000001
0000000000000000000000000000000000000001
0000000000000000000000000000000000000001
0000000000000000000000000000000000000001
0000000000000000000000000000000000000001
0000000000000000000000000000000000000001
0000000000000000000000000000000000000001
0000000000000000000000000000000000000001
0000000000000000000000000000000000000001
0000000000000000000000000000000000000001
0000000000000000000000000000000000000001
0000000000000000000000000000000000000001
0000000000000000000000000000000000000001
0000000000000000000000000000000000000001
0000000000000000000000000000000000000001
0000000000000000000000000000000000000001
0000000000000000000000000000000000000001
0000000000000000000000000000000000000001
0000000000000000000000000000000000000001
0000000000000000000000000000000000000001
0000000000000000000000000000000000000001
0000000000000000000000000000000000000001
0000000000000000000000000000000000000001
0000000000000000000000000000000000000001
0000000000000000000000000000000000000001
0000000000000000000000000000000000000001
0000000000000000000000000000000000000001
0000000000000000000000000000000000000001
0000000000000000000000000000000000000001
0000000000000000000000000000000000000001
0000000000000000000000000000000000000001
0000000000000000000000000000000000000001
0000000000000000000000000000000000000001
0000000000000000000000000000000000000001
0000000000000000000000000000000000000001
0000000000000000000000000000000000000001
0000000000000000000000000000000000000001
0000000000000000000000000000000000000001
0000000000000000000000000000000000000001
0000000000000000000000000000000000000001
0000000000000000000000000000000000000001
0000000000000000000000000000000000000001
0000000000000000000000000000000000000001
0000000000000000000000000000000000000001
0000000000000000000000000000000000000001
0000000000000000000000000000000000000001
0000000000000000000000000000000000000001
0000000000000000000000000000000000000001
0000000000000000000000000000000000000001
0000000000000000000000000000000000000001
0000000000000000000000000000000000000001
0000000000000000000000000000000000000001
0000000000000000000000000000000000000001
0000000000000000000000000000000000000001
0000000000000000000000000000000000000001
0000000000000000000000000000000000000001
0000000000000000000000000000000000000001
0000000000000000000000000000000000000001
0000000000000000000000000000000000000001
0000000000000000000000000000000000000001
0000000000000000000000000000000000000001
0000000000000000000000000000000000000001
0000000000000000000000000000000000000001
0000000000000000000000000000000000000001
0000000000000000000000000000000000000001
0000000000000000000000000000000000000001
0000000000000000000000000000000000000001
0000000000000000000000000000000000000001
0000000000000000000000000000000000000001
0000000000000000000000000000000000000001
0000000000000000000000000000000000000001
0000000000000000000000000000000000000001
0000000000000000000000000000000000000001
0000000000000000000000000000000000000001
0000000000000000000000000000000000000001
0000000000000000000000000000000000000001
0000000000000000000000000000000000000001
0000000000000000000000000000000000000001
0000000000000000000000000000000000000001
0000000000000000000000000000000000000001
0000000000000000000000000000000000000001
0000000000000000000000000000000000000001
0000000000000000000000000000000000000001
0000000000000000000000000000000000000001
0000000000000000000000000000000000000001
0000000000000000000000000000000000000001
0000000000000000000000000000000000000001
0000000000000000000000000000000000000001
0000000000000000000000000000000000000001
0000000000000000000000000000000000000001
0000000000000000000000000000000000000001
0000000000000000000000000000000000000001
0000000000000000000000000000000000000001
0000000000000000000000000000000000000001
0000000000000000000000000000000000000001
0000000000000000000000000000000000000001
0000000000000000000000000000000000000001
0000000000000000000000000000000000000001
0000000000000000000000000000000000000001
0000000000000000000000000000000000000001
0000000000000000000000000000000000000001
0000000000000000000000000000000000000001
0000000000000000000000000000000000000001
0000000000000000000000000000000000000001
0000000000000000000000000000000000000001
0000000000000000000000000000000000000001
0000000000000000000000000000000000000001
0000000000000000000000000000000000000001
0000000000000000000000000000000000000001
0000000000000000000000000000000000000001
0000000000000000000000000000000000000001
0000000000000000000000000000000000000001
0000000000000000000000000000000000000001
0000000000000000000000000000000000000001
0000000000000000000000000000000000000001
0000000000000000000000000000000000000001
0000000000000000000000000000000000000001
0000000000000000000000000000000000000001
0000000000000000000000000000000000000001
0000000000000000000000000000000000000001
0000000000000000000000000000000000000001
0000000000000000000000000000000000000001
0000000000000000000000000000000000000001
0000000000000000000000000000000000000001
0000000000000000000000000000000000000001
0000000000000000000000000000000000000001
0000000000000000000000000000000000000001
0000000000000000000000000000000000000001
0000000000000000000000000000000000000001
0000000000000000000000000000000000000001
0000000000000000000000000000000000000001
0000000000000000000000000000000000000001
0000000000000000000000000000000000000001
0000000000000000000000000000000000000001
0000000000000000000000000000000000000001
0000000000000000000000000000000000000001
0000000000000000000000000000000000000001
0000000000000000000000000000000000000001
0000000000000000000000000000000000000001
0000000000000000000000000000000000000001
0000000000000000000000000000000000000001
0000000000000000000000000000000000000001
0000000000000000000000000000000000000001
0000000000000000000000000000000000000001
0000000000000000000000000000000000000001
0000000000000000000000000000000000000001
0000000000000000000000000000000000000001
0000000000000000000000000000000000000001
0000000000000000000000000000000000000001
0000000000000000000000000000000000000001
0000000000000000000000000000000000000001
0000000000000000000000000000000000000001
0000000000000000000000000000000000000001
0000000000000000000000000000000000000001
0000000000000000000000000000000000000001
0000000000000000000000000000000000000001
0000000000000000000000000000000000000001
0000000000000000000000000000000000000001
0000000000000000000000000000000000000001
0000000000000000000000000000000000000001
0000000000000000000000000000000000000001
0000000000000000000000000000000000000001
0000000000000000000000000000000000000001
0000000000000000000000000000000000000001
0000000000000000000000000000000000000001
0000000000000000000000000000000000000001
0000000000000000000000000000000000000001
0000000000000000000000000000000000000001
0000000000000000000000000000000000000001
0000000000000000000000000000000000000001
0000000000000000000000000000000000000001
0000000000000000000000000000000000000001
0000000000000000000000000000000000000001
0000000000000000000000000000000000000001
0000000000000000000000000000000000000001
0000000000000000000000000000000000000001
0000000000000000000000000000000000000001
0000000000000000000000000000000000000001
0000000000000000000000000000000000000001
0000000000000000000000000000000000000001
0000000000000000000000000000000000000001
0000000000000000000000000000000000000001
0000000000000000000000000000000000000001
0000000000000000000000000000000000000001
0000000000000000000000000000000000000001
0000000000000000000000000000000000000001
0000000000000000000000000000000000000001
0000000000000000000000000000000000000001
0000000000000000000000000000000000000001
0000000000000000000000000000000000000001
0000000000000000000000000000000000000001
0000000000000000000000000000000000000001
0000000000000000000000000000000000000001
0000000000000000000000000000000000000001
0000000000000000000000000000000000000001
0000000000000000000000000000000000000001
0000000000000000000000000000000000000001
0000000000000000000000000000000000000001
0000000000000000000000000000000000000001
0000000000000000000000000000000000000001
0000000000000000000000000000000000000001
0000000000000000000000000000000000000001
0000000000000000000000000000000000000001
0000000000000000000000000000000000000001
0000000000000000000000000000000000000001
0000000000000000000000000000000000000001
0000000000000000000000000000000000000001
0000000000000000000000000000000000000001
0000000000000000000000000000000000000001
0000000000000000000000000000000000000001
0000000000000000000000000000000000000001
0000000000000000000000000000000000000001
0000000000000000000000000000000000000001
0000000000000000000000000000000000000001
0000000000000000000000000000000000000001
0000000000000000000000000000000000000001
0000000000000000000000000000000000000001
0000000000000000000000000000000000000001
0000000000000000000000000000000000000001
0000000000000000000000000000000000000001
0000000000000000000000000000000000000001
0000000000000000000000000000000000000001
0000000000000000000000000000000000000001
0000000000000000000000000000000000000001
0000000000000000000000000000000000000001
0000000000000000000000000000000000000001
0000000000000000000000000000000000000001
0000000000000000000000000000000000000001
0000000000000000000000000000000000000001
0000000000000000000000000000000000000001
0000000000000000000000000000000000000001
0000000000000000000000000000000000000001
0000000000000000000000000000000000000001
0000000000000000000000000000000000000001
0000000000000000000000000000000000000001
0000000000000000000000000000000000000001
