0000000001
000800E801
0012002001
0032003401
0001082241
0009082201
003800E201
0000000001
001800F201
0062042001
005A052201
004A043401
0042052201
003A012201
0032022201
002A032201
0000000001
005000E201
006800F201
0092092001
008A0A2201
007A093401
00720A2201
0052062201
004A072201
0042082201
0000000001
008000E201
009800F201
00C20E2001
00BA0F2201
00AA0E3401
00A20F2201
00820B2201
007A0C2201
00720D2201
0000000001
00B000E201
00C800F201
00F2132001
00EA142201
00DA133401
00D2142201
00B2102201
00AA112201
00A2122201
0000000001
00E000E201
00F800F201
0122182001
011A192201
010A183401
0102192201
00E2152201
00DA162201
00D2172201
0000000001
011000E201
012800F201
01521D2001
014A1E2201
013A1D3401
01321E2201
01121A2201
010A1B2201
01021C2201
0000000001
014000E201
015800F201
0182222001
017A232201
016A223401
0162232201
01421F2201
013A202201
0132212201
0000000001
017000E201
018800F201
0172242001
0000000001
01B800E201
01E2282001
01DA2A2201
01CA283401
01C22A2201
01BA262201
01B2272201
01AA292201
0000000001
01D000E201
01E800F201
02122D2001
020A2F2201
01FA2D3401
01F22F2201
01D22B2201
01CA2C2201
01C22E2201
0000000001
020000E201
019000E201
021800F201
0171082001
0000000001
023000E201
025A322001
0252342201
0242323401
023A342201
0232302201
022A312201
0222332201
0000000001
024800E201
026000F201
028A372001
0282392201
0272373401
026A392201
024A352201
0242362201
023A382201
0000000001
027800E201
029000F201
02B23C2001
02A23C3401
027A3A2201
02723B2201
0000000001
02A800E201
02B800F201
02DA3F2001
02CA3F3401
02AA3D2201
02A23E2201
0000000001
02D000E201
019800E201
02E000F201
0172252001
0000000001
02F000E201
0312422001
0302423401
02F2402201
02EA412201
0000000001
030800E201
031800F201
033A452001
032A453401
030A432201
0302442201
0000000001
033000E201
01A000E201
034000F201
0192462001
034800E201
019A472001
035000E201
01A2482001
035800E201
000249A001
0369082001
036000E201
0351082001
036800E281
0349082001
FF68000201
00024AA001
0979082001
097000E201
0359082001
097800E281
0361082001
FF78000201
0971082001
FF80000201
0000000001
0000000001
0000000001
0000000001
0000000001
0000000001
0000000001
0000000001
0000000001
0000000001
0000000001
0000000001
0000000001
0000000001
0000000001
0000000001
0000000001
0000000001
0000000001
0000000001
0000000001
0000000001
0000000001
0000000001
0000000001
0000000001
0000000001
0000000001
0000000001
0000000001
0000000001
0000000001
0000000001
0000000001
0000000001
0000000001
0000000001
0000000001
0000000001
0000000001
0000000001
0000000001
0000000001
0000000001
0000000001
0000000001
0000000001
0000000001
0000000001
0000000001
0000000001
0000000001
0000000001
0000000001
0000000001
0000000001
0000000001
0000000001
0000000001
0000000001
0000000001
0000000001
0000000001
0000000001
0000000001
0000000001
0000000001
0000000001
0000000001
0000000001
0000000001
0000000001
0000000001
0000000001
0000000001
0000000001
0000000001
0000000001
0000000001
0000000001
0000000001
0000000001
0000000001
0000000001
0000000001
0000000001
0000000001
0000000001
0000000001
0000000001
0000000001
0000000001
0000000001
0000000001
0000000001
0000000001
0000000001
0000000001
0000000001
0000000001
0000000001
0000000001
0000000001
0000000001
0000000001
0000000001
0000000001
0000000001
0000000001
0000000001
0000000001
0000000001
0000000001
0000000001
0000000001
0000000001
0000000001
0000000001
0000000001
0000000001
0000000001
0000000001
0000000001
0000000001
0000000001
0000000001
0000000001
0000000001
0000000001
0000000001
0000000001
0000000001
0000000001
0000000001
0000000001
0000000001
0000000001
0000000001
0000000001
0000000001
0000000001
0000000001
0000000001
0000000001
0000000001
0000000001
0000000001
0000000001
0000000001
0000000001
0000000001
0000000001
0000000001
0000000001
0000000001
0000000001
0000000001
0000000001
0000000001
0000000001
0000000001
0000000001
0000000001
0000000001
0000000001
0000000001
0000000001
0000000001
0000000001
0000000001
0000000001
0000000001
0000000001
0000000001
0000000001
0000000001
0000000001
0000000001
0000000001
0000000001
0000000001
0000000001
0000000001
0000000001
0000000001
0000000001
0000000001
0000000001
0000000001
0000000001
0000000001
0000000001
0000000001
0000000001
0000000001
0000000001
0000000001
0000000001
0000000001
0000000001
0000000001
0000000001
0000000001
0000000001
0000000001
0000000001
0000000001
0000000001
0000000001
0000000001
0000000001
0000000001
0000000001
0000000001
0000000001
0000000001
0000000001
0000000001
0000000001
0000000001
0000000001
0000000001
0000000001
0000000001
0000000001
0000000001
0000000001
0000000001
0000000001
0000000001
0000000001
0000000001
0000000001
0000000001
0000000001
0000000001
0000000001
0000000001
0000000001
0000000001
0000000001
0000000001
0000000001
0000000001
0000000001
0000000001
0000000001
0000000001
0000000001
0000000001
0000000001
0000000001
0000000001
0000000001
0000000001
0000000001
0000000001
0000000001
0000000001
0000000001
0000000001
0000000001
0000000001
0000000001
0000000001
0000000001
0000000001
0000000001
0000000001
0000000001
0000000001
0000000001
0000000001
0000000001
0000000001
0000000001
0000000001
0000000001
0000000001
0000000001
0000000001
0000000001
0000000001
0000000001
0000000001
0000000001
0000000001
0000000001
0000000001
0000000001
0000000001
0000000001
0000000001
0000000001
0000000001
0000000001
0000000001
0000000001
0000000001
0000000001
0000000001
0000000001
0000000001
0000000001
0000000001
0000000001
0000000001
0000000001
0000000001
0000000001
0000000001
0000000001
0000000001
0000000001
0000000001
0000000001
0000000001
0000000001
0000000001
0000000001
0000000001
0000000001
0000000001
0000000001
0000000001
0000000001
0000000001
0000000001
0000000001
0000000001
0000000001
0000000001
0000000001
0000000001
0000000001
0000000001
0000000001
0000000001
0000000001
0000000001
0000000001
0000000001
0000000001
0000000001
0000000001
0000000001
0000000001
0000000001
0000000001
0000000001
0000000001
0000000001
0000000001
0000000001
0000000001
0000000001
0000000001
0000000001
0000000001
0000000001
0000000001
0000000001
0000000001
0000000001
0000000001
0000000001
0000000001
0000000001
0000000001
0000000001
0000000001
0000000001
0000000001
0000000001
0000000001
0000000001
0000000001
0000000001
0000000001
0000000001
0000000001
0000000001
0000000001
0000000001
0000000001
0000000001
0000000001
0000000001
0000000001
0000000001
0000000001
0000000001
0000000001
0000000001
0000000001
0000000001
0000000001
0000000001
0000000001
0000000001
0000000001
0000000001
0000000001
0000000001
0000000001
0000000001
0000000001
0000000001
0000000001
0000000001
0000000001
0000000001
0000000001
0000000001
0000000001
0000000001
0000000001
0000000001
0000000001
0000000001
0000000001
0000000001
0000000001
0000000001
0000000001
0000000001
0000000001
0000000001
0000000001
0000000001
0000000001
0000000001
0000000001
0000000001
0000000001
0000000001
0000000001
0000000001
0000000001
0000000001
0000000001
0000000001
0000000001
0000000001
0000000001
0000000001
0000000001
0000000001
0000000001
0000000001
0000000001
0000000001
0000000001
0000000001
0000000001
0000000001
0000000001
0000000001
0000000001
0000000001
0000000001
0000000001
0000000001
0000000001
0000000001
0000000001
0000000001
0000000001
0000000001
0000000001
0000000001
0000000001
0000000001
0000000001
0000000001
0000000001
0000000001
0000000001
0000000001
0000000001
0000000001
0000000001
0000000001
0000000001
0000000001
0000000001
0000000001
0000000001
0000000001
0000000001
0000000001
0000000001
0000000001
0000000001
0000000001
0000000001
0000000001
0000000001
0000000001
0000000001
0000000001
0000000001
0000000001
0000000001
0000000001
0000000001
0000000001
0000000001
0000000001
0000000001
0000000001
0000000001
0000000001
0000000001
0000000001
0000000001
0000000001
0000000001
0000000001
0000000001
0000000001
0000000001
0000000001
0000000001
0000000001
0000000001
0000000001
0000000001
0000000001
0000000001
0000000001
0000000001
0000000001
0000000001
0000000001
0000000001
0000000001
0000000001
0000000001
0000000001
0000000001
0000000001
0000000001
0000000001
0000000001
0000000001
0000000001
0000000001
0000000001
0000000001
0000000001
0000000001
0000000001
0000000001
0000000001
0000000001
0000000001
0000000001
0000000001
0000000001
0000000001
0000000001
0000000001
0000000001
0000000001
0000000001
0000000001
0000000001
0000000001
0000000001
0000000001
0000000001
0000000001
0000000001
0000000001
0000000001
0000000001
0000000001
0000000001
0000000001
0000000001
0000000001
0000000001
0000000001
0000000001
0000000001
0000000001
0000000001
0000000001
0000000001
0000000001
0000000001
0000000001
0000000001
0000000001
0000000001
0000000001
0000000001
0000000001
0000000001
0000000001
0000000001
0000000001
0000000001
0000000001
0000000001
0000000001
0000000001
0000000001
0000000001
0000000001
0000000001
0000000001
0000000001
0000000001
0000000001
0000000001
0000000001
0000000001
0000000001
0000000001
0000000001
0000000001
0000000001
0000000001
0000000001
0000000001
0000000001
0000000001
0000000001
0000000001
0000000001
0000000001
0000000001
0000000001
0000000001
0000000001
0000000001
0000000001
0000000001
0000000001
0000000001
0000000001
0000000001
0000000001
0000000001
0000000001
0000000001
0000000001
0000000001
0000000001
0000000001
0000000001
0000000001
0000000001
0000000001
0000000001
0000000001
0000000001
0000000001
0000000001
0000000001
0000000001
0000000001
0000000001
0000000001
0000000001
0000000001
0000000001
0000000001
0000000001
0000000001
0000000001
0000000001
0000000001
0000000001
0000000001
0000000001
0000000001
0000000001
0000000001
0000000001
0000000001
0000000001
0000000001
0000000001
0000000001
0000000001
0000000001
0000000001
0000000001
0000000001
0000000001
0000000001
0000000001
0000000001
0000000001
0000000001
0000000001
0000000001
0000000001
0000000001
0000000001
0000000001
0000000001
0000000001
0000000001
0000000001
0000000001
0000000001
0000000001
0000000001
0000000001
0000000001
0000000001
0000000001
0000000001
0000000001
0000000001
0000000001
0000000001
0000000001
0000000001
0000000001
0000000001
0000000001
0000000001
0000000001
0000000001
0000000001
0000000001
0000000001
0000000001
0000000001
0000000001
0000000001
0000000001
0000000001
0000000001
0000000001
0000000001
0000000001
0000000001
0000000001
0000000001
0000000001
0000000001
0000000001
0000000001
0000000001
0000000001
0000000001
0000000001
0000000001
0000000001
0000000001
0000000001
0000000001
0000000001
0000000001
0000000001
0000000001
0000000001
0000000001
0000000001
0000000001
0000000001
0000000001
0000000001
0000000001
0000000001
0000000001
0000000001
0000000001
0000000001
0000000001
0000000001
0000000001
0000000001
0000000001
0000000001
0000000001
0000000001
0000000001
0000000001
0000000001
0000000001
0000000001
0000000001
0000000001
0000000001
0000000001
0000000001
0000000001
0000000001
0000000001
0000000001
0000000001
0000000001
0000000001
0000000001
0000000001
0000000001
0000000001
0000000001
0000000001
0000000001
0000000001
0000000001
0000000001
0000000001
0000000001
0000000001
0000000001
0000000001
0000000001
0000000001
0000000001
0000000001
0000000001
0000000001
0000000001
0000000001
0000000001
0000000001
0000000001
0000000001
0000000001
0000000001
0000000001
0000000001
0000000001
0000000001
0000000001
0000000001
0000000001
0000000001
0000000001
0000000001
0000000001
0000000001
0000000001
0000000001
